20230212197039455
20230212197039455
20230212197039455
20230212197039455
20230212513895453
20230212459232063
20230212513895453
20230212557944846
20230212459232063
20230212414989449
20230212557944846
20230212122652268
20230212213961957
20230212213961957
20230212122652268
20230212122652268
20230212122652268
20230212557944846
20230212505640266
20230212505640266
20230212213961957
20230212213961957
20230212557944846
20230212853492156
20230212213961957
20230212853492156
20230212853492156
20230212469472650
20230212469472650
20230212720262366
20230212197039455
20230212720262366
20230212720262366
20230212505640266
20230212505640266
20230212213961957
20230212505640266
20230212960097156
20230212197039455
20230212505640266
20230212213961957
20230212741851953
20230212213961957
20230212960097156
20230212741851953
20230212505640266
20230212741851953
20230212960097156
20230212960097156
20230212853492156
20230212197039455
20230212960097156
20230212688310755
20230212469472650
20230212722058955
20230212960097156
20230212213961957
20230212960097156
20230212960097156
20230212960097156
20230212213961957
20230212688310755
20230212213961957
20230212722058955
20230212722058955
20230212688310755
20230212853492156
20230212960097156
